143.857385241870300 2.048099709769570 -16.543672620471035 29.391972511494430 -2.809941759999035 -14.676967923001371 2.766086407657056 -52.992121494081857 20.795176257654667 -4.672489684134069 35.665810232752847 -11.945070668328722 4.626586589197999 -9.168275293611448 -12.858965977380478 -16.738895597708748 12.767155927306931 -30.732338773160482 13.355021890381295 -0.460044155654742 -10.453561472050680 -12.283786383420413 -7.957475256593577 11.957334570701086 -15.315821935100431 -7.798169190130997 17.301338010428793 -43.346656512815287 -14.701022454048799 -16.295780235874474 -13.743648032722316 -3.077563154519408 16.947958249355942 -11.300691958526528 -12.242928468081253 4.710004122365117 -2.180169942676049 -48.901995417680190 20.988708616015241 -2.107845985199019 5.213097390236467 14.419953387840394 -19.669020856193249 21.888006467379853 13.510887048300138 -5.816398376342111 -5.239733081722251 -7.419672569618108 -10.426038751800590 -7.563209636785178 -26.947836789110781 -16.729576904493953 4.012670368599071 18.683520565996474 -34.968113811718283 22.080804463725414 30.065387464048705 -9.943865983717615 15.989912047359102 19.126333816430524 -4.906789655582259 4.395825254189903 0.960305024993898 2.504128680177446 0.000000000000000 25.533593510438266 -19.072966470728037 -13.229525849801764 15.678389360449492 9.653895954004053 -2.420234074309384 -2.114918764707923 7.004087292531956 6.251654909972785 9.749834132389658 0.486735304354998 9.423715534082913 0.000000000000000 -17.110083691159506 0.915889050127134 2.962155701202047 -0.452818844149060 0.000000000000000 -2.612124776935067 -0.283460305189805 14.268044553396935 -3.601489243468592 6.182454543523118 -1.371946842296959 4.592937132455916 3.220473012012044 18.096180453175311 1.707343530460499 -5.436489053203312 8.657047803709236 -3.504991692786980 -37.641475380987515 4.534026332506514 16.749949926239811 -21.751416832703615 -10.570133798842466 11.353067129766057 -10.231388249712978 6.898825563586516 -5.401639244686907 19.808514331005579 -11.149909725614517 -0.436879267625621 10.038412266361531 
2.048099709769570 46.326516134910676 -17.651683725203249 -12.419017085424898 -3.527894708743368 -10.836277500930702 -12.530059525217624 -19.127033283963904 14.145847841079700 0.017454572643189 -3.691737574709450 -1.948823445731888 20.803178764611285 4.722234697744576 -0.166961441775076 1.132136318741734 -1.104466697893177 9.243095983805908 5.136924999025510 0.172745538496958 -9.517453870909982 -40.783781630305768 1.803952094324415 4.832623019595316 3.071228641644620 5.022860937374186 -0.533346113946791 -14.096366071886955 -9.233594916001561 1.816884228823295 -12.233989746339173 4.736454517444429 -3.647434155074704 -6.172865054852634 1.681938895269251 -1.976119298526025 14.388264474110755 8.690981484443510 -7.153950718262241 -2.340752679548427 3.011957052060476 -12.886881720238303 1.216887298238031 -12.123900881990878 11.007153060934025 -15.890146788278283 9.068894427921290 4.264688749196726 18.872340453263071 -5.707349303599361 5.641296233828692 -6.860462335416260 -11.429827874542887 3.990721407189319 5.301815927555181 -4.352635566350407 -11.901582923839349 2.628135353088133 3.937914220519152 -2.301259661050619 -2.502665547250658 7.280369445910711 4.783668356646670 2.055837929368112 0.000000000000000 10.388502169156858 -1.873882350334228 2.013466897502635 -3.399370626936240 5.533247715531928 5.321002570803168 -1.233572852136831 3.627314939345523 1.176241877679143 -1.363413556053988 -6.219041252414391 -3.038714463917149 0.000000000000000 9.810089361341007 -4.379896756041624 11.447705822727045 0.494348061398672 0.000000000000000 -0.104617993804657 0.841010934871722 -5.074620147945126 -7.439301408062690 -1.163577390899233 8.151820090535448 11.605125624787913 -12.645263001696410 2.632543446557012 -1.088508067813155 3.439452589652222 1.382412989705762 2.691080204727568 -20.733313137995303 -4.453793474789179 -6.259446573519441 -13.915184800206124 -9.481200181233671 -5.463137072268314 -4.803491066011684 6.521967100425080 -2.791275271620144 2.740647181285278 -4.156589023617977 -11.969462528193752 -0.524143738367393 
-16.543672620471035 -17.651683725203249 482.055936292947880 -282.452800165574100 -109.368346027995950 -45.296433401201611 1.314038201659109 -28.524803539549566 -37.691527880776391 28.633646448254176 -2.472268208895141 9.780465384375987 -10.702599469486756 6.234161741504332 6.244554585128253 1.468528065783011 15.140436195125996 -43.244014896123737 7.695240458032015 -6.294168597351666 29.296043545865164 34.632270843206570 8.949524499627616 48.811309454086512 -7.010228434068495 -2.666821817994400 44.276070885162788 -6.027301737310372 37.109203822776237 21.419101790110627 -16.888775770713508 -20.369273012387318 -4.346354231498552 0.649286055372842 -14.996832432437575 -1.341903146698463 -2.923725842537438 19.233046993421347 12.906654361437724 -0.073339882903001 12.022313542691254 24.545017917217489 -3.891797234261357 -15.947060545049702 -17.988580389223731 -19.648888068290095 8.838946678076773 9.308097984114152 -42.127726410437624 -25.541150098081516 -19.204498926421387 14.528856881180712 -2.199445007614681 12.055798261437443 -7.732342422102253 -30.225243372580113 10.726159919354032 -5.078447262407103 19.115477637396470 3.293201514033008 16.661224080323485 -9.312827157119330 -4.099104311356481 8.245208503713684 -0.000000000000000 9.223719462825226 -10.205773192307232 -9.458057540955869 10.155902291402521 8.951209867333816 16.195406196579480 -8.534188486668235 -8.597078200299636 -6.457090407701188 24.789282183868007 -11.126694962427985 -6.010774245711929 -0.000000000000000 79.638685772258967 -0.440990260407484 -31.850744349845030 2.722598583809067 -0.000000000000000 1.748145723284784 -0.763385209460304 -52.457650031370441 12.504983885585533 -12.119218641293557 -17.044488427502934 -24.418321587623449 8.722413813571743 10.448040506461155 -0.377733223694899 -1.017586074213909 0.499636511731211 -3.227085769285839 23.778291040658615 20.439684520315268 -28.231561624841685 6.464362748780625 15.713385997646611 11.348158022925539 -14.325284358942309 -6.936955387043155 4.443729574052282 -19.960042365594809 -10.500020094864675 21.831823740039003 10.742281852397788 
29.391972511494430 -12.419017085424898 -282.452800165574100 535.922172065012660 -141.876328515565380 -70.198215152929322 1.562240955892833 33.799919792911041 -6.690064516554689 2.348842680125415 16.385469741369263 -22.060229604404995 -4.855227984880099 -10.088159783617328 7.768525506849109 -8.206803267890809 -10.076916062360276 4.945605861846104 -11.626510395592064 1.542498866436493 -16.553023819257930 -0.961890490953055 9.788188868049989 -21.768623512330535 -11.802575558817804 9.857207480258619 -46.945223625768875 -8.657274852111245 -15.464905311736278 10.548329784324029 28.838140768792883 -2.492816165816712 7.505225117165003 -13.672295080560332 11.782108262574347 27.104527268737598 8.654059969256537 -22.962862128477038 -12.887512761403240 -1.050772696176299 -3.178730552361087 -23.253639147027158 15.370229268400021 -6.796345264946382 -0.192512374221998 13.593324725138359 -25.579822903946802 -32.939972410259664 21.554806693378843 10.825990425030025 17.488760941692249 -35.522945977154258 -22.082542135963877 -1.465338250952801 -12.730824947553661 14.670873163930349 -2.476726554026307 14.881313454392245 -11.870911100646415 0.600517314003312 -29.618654398876796 5.805351316588363 -2.686905071946447 -4.750048021962957 0.000000000000000 -25.341586244697815 -9.315006489924743 -1.396521694087644 -6.362932014435382 5.255228068401323 -8.677201986559505 -18.205649764239265 7.635068045419093 16.836821009935456 -4.707876658422087 -3.313703453760868 13.989007941440569 0.000000000000000 51.279333509047760 0.982619923258638 -39.518353390976436 -0.721970840482037 0.000000000000000 -3.549454797318937 -0.226638468459410 -32.138978166689569 6.032027462248246 8.232899933967943 -10.790098374382790 24.756867202790925 2.757318819597113 -19.723843116028632 -0.714924484972122 -0.451981571337840 -5.083516041508972 -3.392678185320865 30.281668265518164 2.334499678387926 -19.716886185964892 -7.777095930457456 1.699278393828841 -20.114615825294763 32.781652624559342 -8.736012059239839 -21.084453935923488 21.982835890959038 9.509972151432963 7.070543809740666 13.103615276618532 
-2.809941759999035 -3.527894708743368 -109.368346027995950 -141.876328515565380 381.404422768634050 -126.759920689859630 22.538916886733112 -13.714230343992247 -1.668940454941591 5.929491458338975 -2.342827711394712 -10.106830692248138 -14.963901171193807 11.759400030370784 -8.971630448244913 -33.478029034563932 42.470999738860336 -35.094129222742026 8.403430792154161 37.215501595632368 -17.208660964683418 -19.213062977566992 8.218683416300436 -9.898563224189150 26.818642222301538 -6.152153862695368 -19.994608717759409 -11.381472109626689 -20.392827051160708 5.277992806144665 13.824997664868476 16.977360609320812 -7.338665053980083 13.288051172228677 -42.298324616703916 -21.578605809594080 -8.964292440708320 18.537112674523826 -44.579359366238435 -0.859253721714190 -3.642681124640665 2.897181392055870 -20.122703542022094 34.248829285161733 27.098683544011145 16.661049774409854 2.036265267291824 5.446002770950880 -12.070424953573536 28.801656075186258 1.731160629569128 36.799914233838393 18.256645307141326 -32.072244804813025 -11.347838208848714 10.672214303063686 0.317587482319656 -18.427126147276596 -10.807289124643894 0.551488214565396 0.941241970826542 1.351501421513119 -1.803366816839246 -10.877432525433846 0.000000000000000 -8.818008020082345 5.245635244117871 13.059157541310114 -10.458317705749160 -7.781283352292917 -15.278384380588761 6.678731891480263 -8.176296150319868 4.588794722035614 8.555652172422370 3.858500934519819 8.676939216641166 0.000000000000000 -77.223624668773851 -1.712232198426472 30.693242523255883 4.330126252717222 0.000000000000000 -0.098812680778803 0.050961645006628 51.834006077836314 -20.886293984610433 19.448286467330853 15.850380965616424 -16.271831644317597 8.785342772512696 -0.160416613400280 -1.241796452617432 -5.871145584180314 5.525028252976621 6.094644348769583 -17.146202562486458 -8.348824506406064 12.328993857472803 7.315196562585941 2.992326896937151 12.296805410037255 -0.248453377602809 14.806849820759098 1.666050747870762 0.796836254138935 5.324885588772279 -32.083240249579035 -7.180369789721807 
-14.676967923001371 -10.836277500930702 -45.296433401201611 -70.198215152929322 -126.759920689859630 275.403764744685080 -0.992335460711494 27.050746676871068 29.765200233650809 -37.574531545672393 -13.147240376505309 28.880943224862101 8.393385643329353 -15.314674217453881 11.746601474234481 27.487151937589339 -22.173244572282830 44.795356103089716 -19.460961910650646 -29.299234091006763 18.036462549138246 10.561188828872098 -19.199905952894298 -16.131536036506873 15.061652357607034 -11.124599393729738 32.714060175286477 20.907475618819802 -16.297994428616136 -34.473858232795862 -9.165767342281711 2.932730088406285 7.107397128971574 -28.734152901987382 22.038618365996079 6.666719323885189 -5.949240719330398 -17.173367514008756 41.170315276659124 5.700619326725334 -6.102919180514327 12.796118422868201 -0.200997607170788 6.714083076219360 -8.331088940334801 3.471306648603296 9.183226019959193 16.562640908920553 11.879004809360014 -19.910878615663513 3.940571570761145 -2.923316500100964 18.768419240682544 12.873206814264789 27.893292907315605 31.133157893332566 0.256500990252345 0.555374018893346 6.985256524597602 -18.265888412296306 6.645155276105744 -4.485476773028312 1.821615069086008 8.121291645071448 0.000000000000000 8.246299626553629 26.572689706868871 -11.732138981691053 7.452591397763277 -3.511208798177670 5.045844322087233 15.804463896570798 3.132503751431385 -17.079630967790855 -46.536237750106665 17.243913516502669 -28.207954667300925 0.000000000000000 -47.255972512704808 2.368461650303415 20.096721220576264 -5.835333977582832 0.000000000000000 1.668843294899506 0.206461348079729 27.696769394575202 20.115302920379605 -16.352550538297177 -13.130949729329572 26.530349059736867 -16.816106365208196 -11.729996042802092 5.686254129795276 4.086685068967261 9.407474299579606 -5.153731258258597 8.822501773624275 -0.745173990243388 20.852546745089015 1.645723807134663 0.975712429206901 -1.530691986689391 0.585051659540852 -1.172702850745145 3.579855562603578 -5.770935703972849 -1.512625197873200 18.131459562103963 -6.234670442226045 
2.766086407657056 -12.530059525217624 1.314038201659109 1.562240955892833 22.538916886733112 -0.992335460711494 123.876927464430310 -5.134713299095173 -16.658446097403822 -19.748307296543935 -5.647517500498360 -15.640790768837714 6.067120002678214 -14.638308343454197 6.866815697642068 -10.985009396829494 3.868686189961100 -17.721470360622195 -9.218215337112284 14.492606020410342 17.887531947232830 -8.662581546164564 13.411311802827615 -1.488889811250958 -30.265372767293439 0.576745577171558 13.551488502035166 5.515759582425423 -5.989089374942546 15.149847150975862 0.236100781893252 9.390363696664995 -16.288320477572697 -11.098083232589829 -4.039559025983193 -17.985360424697994 -0.721281080392037 -35.315262335579554 6.818844386843352 -0.724344302846188 -9.183453572025728 -25.250483094802284 -31.118268568976696 26.244505563768030 7.281192097741987 12.932567545563316 5.851413462386825 -12.842778995386645 10.639795824422558 11.498519269803431 14.608064042901001 -3.046586511261025 -17.797180490170476 19.037959537988971 16.203112258881841 -9.990350053417544 0.038261559536886 0.631282852196970 6.950872911978570 -4.296848687746499 5.634269831801509 -9.800280399068079 -3.548790990233588 -1.331608476108797 0.000000000000000 17.726063681716830 1.816240082427987 16.757629895108849 -16.135603525065324 20.088750046456038 -7.193598673396700 -4.565628852926324 -8.401913511202221 2.829435016688271 -8.104905023188607 10.612329967010290 9.479205465254246 0.000000000000000 2.021837489101930 -2.013474702053359 6.440140809670385 -0.617442285307640 0.000000000000000 -1.573594215761778 1.633079120332202 -4.661868858260116 0.025896271370800 27.121239370249210 -14.374529310529581 -5.130407354754198 3.762390440687470 15.515772851028153 2.920709068061982 -8.371772064350914 -5.862600948356136 -8.287357395144749 4.388607528150191 8.348877527978875 -18.256136420809081 7.573377772170311 14.114886245936844 8.064899876098409 5.364339680263603 -4.598093822672183 -4.553274851281840 6.384322972248932 2.644917181272729 6.440068874037473 6.988302681990381 
-52.992121494081857 -19.127033283963904 -28.524803539549566 33.799919792911041 -13.714230343992247 27.050746676871068 -5.134713299095173 401.576532883007130 -25.043866940554533 9.611452494011163 -6.678231251145231 -39.637373190450717 6.112077406388940 -10.073565079612543 18.719796202424785 -24.668507311048263 -26.126186426436750 -42.861931064457650 2.931003134763667 1.692635863596973 -16.212360350633613 2.517336060437085 -13.208469935727877 -26.232004687619980 24.621685986076539 10.004508181452985 3.861570460167997 10.001243014766866 9.964799701196206 -3.224761132945975 -3.670405938260096 -3.460603797510617 0.554789755356584 4.994544114280828 28.443307888368182 -141.116339065629460 -10.808056042565125 42.269412380593607 -44.779443985233414 5.818564771742846 -6.488086530407658 -5.432971523467899 12.499259747008166 7.410429589438046 9.175885221140545 12.788715059459756 0.612708492477231 0.047528196485736 -33.496363688001175 0.393683653534673 -10.141152777593106 15.370419895194194 -13.423630489817173 5.553375024800128 20.383542661637858 7.947588938191251 -8.831657983650370 -25.890740566297534 19.926853449991071 -15.220561113772735 26.988869992638211 -7.065201124265352 8.097679497654299 3.125910097985411 0.000000000000000 -7.106794905383530 -6.760086857651627 13.215209992485795 -11.854737542289362 -1.268144511988796 -7.837213854401519 -7.233624529984073 -2.829546228083431 1.962076158146036 -18.782526441348718 9.059194232945876 -38.636453403102195 0.000000000000000 72.159102160743331 1.935951260040761 -63.440347988579632 2.843007951666305 0.000000000000000 -2.335743492405632 0.402252509277299 27.826419010112168 26.322503329893905 27.781943992173993 -11.295608153382164 -9.667633190438163 -17.689587955397176 20.771223187740034 -3.493025120873135 9.244629553950215 -4.231739487182296 -5.659014726877034 20.346372270474571 -0.976876277355218 -3.354429013937502 0.588149076057623 31.329333209288890 -13.283660960832986 -45.466064506498789 1.548092011433977 20.217733768815670 -20.713123558575344 -20.244554793742189 -25.416685585849915 -27.856574413566555 
20.795176257654667 14.145847841079700 -37.691527880776391 -6.690064516554689 -1.668940454941591 29.765200233650809 -16.658446097403822 -25.043866940554533 266.136593983902120 -22.727113739290061 1.518807842676958 -14.084279223711540 -9.885381587636683 9.522832159554433 3.857650329955163 7.474577366810323 -31.440999886251952 9.281548784775847 1.954851011691233 -27.155191712140976 -32.300580153833934 -12.507187950704235 -5.544456638568335 32.387088089576679 3.291255749995653 -8.531126349806431 -18.719362320258426 -0.610988824404727 -31.193678167381773 -30.426892916985810 -0.436575162817206 -14.909379477344839 -16.017859891763361 24.168621333825726 30.472058864220369 -29.041393555984499 29.968435354073204 20.074412641935211 0.898195453099778 5.783611117747544 -15.978628227673019 -23.690772413265734 24.839431839524671 -11.184931918702020 -82.144366515204524 6.041697046064000 -3.317675035229389 18.016962977106445 12.396647977737409 26.562003301430980 1.603130615736667 -32.331529700641383 -15.739970243161906 -20.022964966571209 -14.293580842134890 10.374548779509002 19.075553647957602 22.543416196829348 9.931486503945607 4.668715848352306 -19.528336189455892 2.334389376554049 10.248832490764391 -2.965512739170437 0.000000000000000 9.726265548964502 6.794901304460920 -20.968932887850841 -9.111781613359092 34.796587410863324 -0.869282959805468 5.249063869566959 -14.091201951809918 -7.100152565912068 7.482310254560750 -1.061871224363379 -20.991435632837629 0.000000000000000 -25.059255648855967 -1.261352584227879 21.525642917570643 -1.902819395388362 0.000000000000000 0.820418876251157 -1.933326715802026 -13.850395980986715 -39.797602133694703 40.483355247225376 -13.921218144926158 -11.605359206393304 -25.789710770647453 -9.438738449433185 -2.321127250676074 -1.829969231344542 22.322843607075747 1.726653302162301 27.791932863956600 6.139606115301167 -13.436322183348210 -1.400421846815071 -21.044293837757458 -23.998441307496016 28.529502651028885 5.553060410975020 2.959337423423461 21.414756525363618 -11.295684659872180 -37.405975959372228 5.318973568446075 
-4.672489684134069 0.017454572643189 28.633646448254176 2.348842680125415 5.929491458338975 -37.574531545672393 -19.748307296543935 9.611452494011163 -22.727113739290061 295.647678456311550 9.824348996694788 -13.721448990889488 -6.084040676263690 -12.425574149630940 26.362150710519721 11.483310690728636 2.974852229391729 -9.350613179017838 -16.141225322366026 -0.541538844474601 3.916030813710236 10.512492932475155 32.282556512835548 -37.451102580351829 3.319212556934701 1.761203089239791 -97.865874654610991 -13.561698709499773 -11.818040916337736 -42.676872319920548 18.534497510604215 -4.846321273106454 8.602776942424045 14.913646096364241 -2.837282777903248 6.377339896101392 33.790259271537970 -0.865227146776007 39.678654772859545 0.638554877036828 2.406239584889132 -22.521835313554096 -6.759865774009079 -127.420598913969140 33.580189648732407 15.002447099162554 0.937267080536831 9.489169927196354 -37.819433896608764 39.602881384415269 9.667927325214766 27.067149481810869 2.092793324513575 -9.799194323812984 7.794131693222919 7.909291515077953 -11.745082901096183 -23.266127801941028 -9.035031474022608 -6.965229322901919 -4.184140062038523 -8.862647631756232 -2.454012913785591 -0.479533711799849 0.000000000000000 -19.431458146710924 -3.149340088078471 15.221978567253775 5.523710797475211 -7.268804913539874 7.199317913839922 0.141511085999582 4.831875269889739 1.049295368032212 -44.578291676338260 0.696490980112674 42.605448043877814 0.000000000000000 25.460993564280685 -4.011789523277439 13.500208805328963 2.899476625633794 0.000000000000000 0.061178913144319 -2.785804337801872 -22.408306905449287 -19.531757622937256 35.557183061276952 -11.344456302623106 -60.764251862901077 -0.929335964462643 -4.577716690145312 12.331115722478446 6.453918141403078 8.550855018189171 -10.925741452804086 33.002227053226484 -0.788337640326203 21.298568677020327 -0.397229672487714 -10.687278060821304 -12.065251187374418 -51.898281597537363 -3.934421643125443 -20.119902107515870 20.524593697341466 7.790254751653658 32.969145792663454 -1.796622057580875 
35.665810232752847 -3.691737574709450 -2.472268208895141 16.385469741369263 -2.342827711394712 -13.147240376505309 -5.647517500498360 -6.678231251145231 1.518807842676958 9.824348996694788 210.044177937505170 -1.566920879476237 -18.895727787721402 -5.051589228862564 -8.768352237010745 4.854471896430244 -12.807799590782061 -8.824457377671592 -8.025392587634613 4.398552173479986 -10.702699613958721 -10.261400629202768 4.363479005668239 3.912237774889547 -29.600576502527318 -5.936232860315943 11.176620308108397 -10.978871254057328 13.565733555261986 -39.369809730736584 5.407922847941137 -14.355302970300784 3.612562489699190 9.588843393570766 13.887630693507290 -3.582999952834712 32.222582734442369 -23.993520963437241 28.397885400268464 -12.760093427221690 -4.778583310437155 8.005475068878923 -63.111267152974612 11.864916607887277 -1.413886413432209 -38.994851884293737 19.661446556343385 -11.063234543146855 13.075665979716209 -24.401567577448674 -15.850223016308483 -15.991364328492338 -46.195693195475613 -14.949043352333035 -0.428983534765525 -11.588664187955427 8.247354163658592 -66.723784647989334 4.399536409040049 16.704183935072535 -7.963970577859776 0.478494826979693 -4.804884910195495 -6.341908746572711 0.000000000000000 28.323607115117813 3.598737102500566 -20.596093903468073 -6.666220106606996 8.347096879211332 -18.478476218781463 -4.721996348634312 3.987597437000578 5.454020334990293 -13.265347295432495 6.384144910002739 -19.786775545098052 0.000000000000000 14.730327637149728 4.185543530509778 -11.028576746714236 -0.712399096531063 0.000000000000000 0.524617438121872 -1.366043816985139 28.902232957330142 -4.203332855619507 -18.812653690842748 -6.961937610441897 -14.167409654481743 3.706422801672320 -26.465427633442875 5.524826886664166 -4.936465292385751 22.601668079330242 10.213079935282055 4.428963915639184 -10.142094152638844 3.027273148233766 1.893144663614907 -37.097559594912290 -2.047177426805449 -13.473010276230685 13.130271490305088 -2.074414171491736 8.596163854304761 -9.217226931805563 27.973349038815606 8.213996541794259 
-11.945070668328722 -1.948823445731888 9.780465384375987 -22.060229604404995 -10.106830692248138 28.880943224862101 -15.640790768837714 -39.637373190450717 -14.084279223711540 -13.721448990889488 -1.566920879476237 632.768522996785350 -10.501838441193794 -7.522304168849185 2.283331022289467 -29.262309233927745 2.962571695552716 -14.487781921875822 -5.649205755529721 16.165105214650762 -17.467196637838224 20.405098485257401 16.745454853341190 5.383077129757403 5.244106984205072 -1.142112321857717 -2.940246699807512 -51.491408457859578 -41.056155292583277 -3.554696308540163 -9.606478783432792 8.578185252579521 -14.530384246297171 18.038527401511640 -5.669890517823189 -74.337346120131855 36.967734783003856 -0.512895916237483 -142.280895077102710 21.146997226775532 -20.009745117219286 -19.845990067549053 10.455060499144931 20.152589033131221 52.440954234634944 -9.904770376995842 -24.098210740960219 -0.209167432406042 10.068432206292645 -1.010450222113999 -3.810969954097010 -12.306236932393853 -35.886119181434886 -2.758080093355097 30.175893876244260 17.094654963342734 -12.887653422024695 -26.524855673556836 -53.261079551143943 10.588756243155906 -3.641382013443398 -11.430212996600844 -0.378826348059591 2.757575692885486 0.000000000000000 6.540031290342867 0.267570808706246 5.932925685249675 -2.545572263369243 -44.451659617386468 -3.656581801240391 -12.151317881785952 -6.687939379129674 0.465160053483856 26.358571310169012 8.012886316011169 -14.255417128704085 0.000000000000000 33.449803896285815 -0.924127907594904 11.996440947551063 -5.456502637906937 0.000000000000000 -4.723765277194129 -1.059135171090126 13.666853122340338 -3.915492475192920 -14.273997435770040 -26.164686719011272 -17.166387977418665 6.037950252850223 -2.968079868840903 0.498565689503512 4.395633886058392 14.627836246891606 14.020675759633034 39.576917714645084 -10.142611294178668 12.844737760048304 -2.158166721893987 14.890500285096145 -3.646044733351132 18.386099986528702 -0.140051914147799 15.267826761288489 -15.348600527715295 2.992886526999183 16.102787321802715 5.764830977583952 
4.626586589197999 20.803178764611285 -10.702599469486756 -4.855227984880099 -14.963901171193807 8.393385643329353 6.067120002678214 6.112077406388940 -9.885381587636683 -6.084040676263690 -18.895727787721402 -10.501838441193794 67.252090422927935 -3.423103562117969 18.683228115463834 -9.011156854221611 -1.675427511519292 1.309285384698132 -5.543174624862871 9.765220568587019 -14.103674074357237 1.052579519607718 -7.795252538889288 8.446250443416744 14.991313235408999 7.883196828719195 13.318413998048328 7.426640193579070 5.003183932638734 -4.584838248768371 -1.709755827179533 1.674552936754779 1.793851443199671 -62.962815081313025 1.887669186788472 -11.036057711891026 8.702351674930684 6.056594039740645 -13.778855943624993 14.595986738461615 3.783156292588451 -1.114845664340078 -20.090458616144289 9.461792910532168 6.372123401849265 -2.783555987833967 -12.694040719076892 -3.049121436191122 15.770100913177373 -13.250622226027243 -8.675917287873102 -1.359876413431391 2.067990184575633 13.813729904002514 -19.972544291516257 -9.877497643050681 -14.549761619937648 4.818386462889912 5.489966340630811 -21.383088146997913 5.492082125674642 -0.655900542233341 -2.941351737890677 5.526105452317873 0.000000000000000 4.917291216383408 -0.023917994902920 9.359119532152061 -9.933724912206731 4.819863339912164 -1.307044265900991 -0.756969754735771 2.874622481865119 5.268960256846068 -9.383107581845422 -5.125998204595907 21.294554502986358 0.000000000000000 17.308252623850983 -1.240092437265804 7.355775632398601 -0.952324165456871 0.000000000000000 -0.411122957742165 1.906995775855104 -2.744453103731450 -25.075435268484711 14.241104978673395 12.390323381693644 12.947166677996737 -11.305518806985789 -13.798772665983904 -2.298141285043542 -2.806767802748130 -1.644596839887334 -2.753263771703267 -24.100180352599775 -2.953278676395496 8.622006305342339 -12.228115248324618 12.376003407059983 -7.378792129936857 -10.923975868249924 2.469631201969239 -2.764878044115187 -0.297810331064603 -5.973503804826605 7.417006939302628 1.597070872800743 
-9.168275293611448 4.722234697744576 6.234161741504332 -10.088159783617328 11.759400030370784 -15.314674217453881 -14.638308343454197 -10.073565079612543 9.522832159554433 -12.425574149630940 -5.051589228862564 -7.522304168849185 -3.423103562117969 71.881193191305201 -13.128827053391554 24.597224008060856 25.744832676604567 -2.380540676948190 14.453698943820601 -20.799113427868466 3.724088271441747 -14.134151435903945 -6.372142136915713 19.050443908688166 -5.715719133305605 3.876885496764944 -1.142202137608717 -13.896928472965204 -7.064235624592977 7.975547652037436 18.534128867732708 -4.916863936635680 -11.651785412559713 6.308811545151926 -23.182768544417403 -17.293004385148958 -11.301166311549785 15.855171568025526 -10.462011569945579 8.323476001466236 3.099777645861727 -16.397214405156689 0.552288787876982 -5.289026103361692 15.269694525734732 -16.140834168756871 -11.876062513884325 11.035402733965228 12.999998419000041 -12.696868161068693 -2.568411800098829 21.955200235395502 19.944109702024953 2.345205577233500 10.287150535042803 18.853126493910974 3.653481380574637 20.184281835309264 -11.720897008884059 -17.930537246993357 -4.398776339469891 2.589699294604469 -1.577879245665304 -1.447157585002604 0.000000000000000 13.907282635029190 -3.127393266924925 10.650889087934331 -10.004976507370310 7.450373642909013 -6.465374587875989 4.894104142952127 2.192885489729663 2.241361525292594 -11.552222288859390 2.872026042365114 -17.171327207219829 0.000000000000000 -5.583067484764763 -0.758323329852076 3.272075649572340 -1.007953225876219 0.000000000000000 0.208721630500286 1.441150628004753 15.663338818480700 -1.373574582334836 3.122175740277910 -2.786757244964454 15.964309754162050 6.998439229016618 -19.225823946409335 0.411072848540041 2.756873251816854 2.660025401082359 2.457497592748404 -1.575793318524532 -11.306275209262786 -17.521448299917630 0.231324184843897 10.309311440765264 -1.110932362874487 -31.952618382248779 -3.422996537455457 -5.043225013558452 -5.758054668940705 12.254690677063131 29.997503536675573 8.202899885958091 
-12.858965977380478 -0.166961441775076 6.244554585128253 7.768525506849109 -8.971630448244913 11.746601474234481 6.866815697642068 18.719796202424785 3.857650329955163 26.362150710519721 -8.768352237010745 2.283331022289467 18.683228115463834 -13.128827053391554 346.165580612596780 69.816366898404013 6.485351661661984 0.209628582965418 -272.704049132447040 -114.127708287140420 8.548434446117833 5.651764064239706 2.990824958324434 21.202065905245796 24.944884389649584 -3.122193413032600 -16.040062396023814 8.626031288669793 4.402242596508869 6.654220673510607 -2.526046037135205 10.795156389973791 2.694818378094819 -16.012473593828837 -5.916107995853955 -0.627498303026948 0.091838999155427 10.790100750214929 14.856166659759797 3.080470147922701 0.302717801860191 -24.379824979474172 0.310587076310753 11.570904807207187 1.394147411610239 -20.870640024988962 3.285135720202529 40.454859097123212 -17.089605570713342 10.553136771706523 5.870867221562556 -14.804396764953207 -15.694237430099658 -35.477805619851104 -14.604287995013763 -18.415716585335861 -23.325395882682155 3.995015147585348 -4.183312407957973 -0.431175175275511 17.486316970551307 -3.523718917519801 -1.319789791654223 8.396597734124244 0.000000000000000 4.635818577291956 3.713403198191112 18.304788608114468 -15.516695629703644 -13.944669718390175 -2.665610719725752 -6.543942649112648 -2.215969367544235 4.705679829596662 -20.195694245740277 -10.081361822165384 -9.234721437317813 0.000000000000000 25.493646956278631 3.066788069831493 20.650755636843481 1.996094468720818 0.000000000000000 -2.357775089994380 1.286560221666982 -7.118317135788330 2.469053843075251 -8.638873413211197 12.952136231263534 16.422185436930437 7.935065499543414 -9.982960202999351 -2.953863610431448 4.908377238321675 9.485833994719862 6.221181486351714 -25.074875708194238 0.880625037259597 20.207267305424683 -10.400007852811388 18.284485300126786 -12.998236044568607 -5.478827507802133 -8.907302676077853 -0.808544270817692 6.971551264182526 -6.208159947406315 -9.551717501622795 0.109599325481272 
-16.738895597708748 1.132136318741734 1.468528065783011 -8.206803267890809 -33.478029034563932 27.487151937589339 -10.985009396829494 -24.668507311048263 7.474577366810323 11.483310690728636 4.854471896430244 -29.262309233927745 -9.011156854221611 24.597224008060856 69.816366898404013 411.354396426537280 9.546439388153729 19.358324773543586 -100.197108098933190 -248.709135080809690 -8.061470253342250 -6.019093230568224 -7.571351917966549 -3.891818206824866 -3.014680595698884 3.679141546890213 -21.309474675315837 -15.554682245631312 -23.994406414187349 10.260599380364789 18.525581784086143 -20.707052823018234 -10.313058378626959 9.446784091677127 -9.833061433549233 -8.142143768469431 -22.514747551335404 3.879368631387393 14.424124364328613 0.049598953374288 18.592907998298699 36.424766148688022 -7.832157890594765 33.165666091275277 14.721115059668772 7.090554510088140 -33.328501352616797 3.615198805850881 -15.867800790091827 -24.072867255432968 -53.080221874510691 -42.642177078403520 5.286054397493263 -35.598440519845660 26.965139634718710 38.214962527091586 4.647937142316909 -6.590555122105386 -24.745019038703660 16.366988343614661 -3.593922270151566 4.169586567106687 -5.422350009133486 -10.413153194044984 0.000000000000000 -2.590815189798772 -18.591789799300901 -6.909395459451453 7.535740781413363 10.099659329749933 2.128607656338342 9.794152130465374 -8.283043014526504 1.758000968675857 21.657163097202854 0.444111923607792 27.493875256597867 0.000000000000000 -32.440833282722586 -0.901844971516146 12.268554195351804 -1.987656869684147 0.000000000000000 -0.407628816931338 -1.405259295298065 -1.297585622580964 -18.287742041383343 0.819619648021968 -11.038837951312530 21.763258030281474 3.478410420648987 -1.569173554389110 -0.987927397104875 -5.678946935574917 -2.530239003283427 -6.473306969751220 -3.738792236440787 -11.504745384760025 -9.783538460321463 12.978180512077408 3.252495120995199 -12.326558686295419 28.617336038241078 -3.114613011040651 -1.230268996701471 -11.160509750194997 1.747308737852320 15.216936887063738 8.195976867192645 
12.767155927306931 -1.104466697893177 15.140436195125996 -10.076916062360276 42.470999738860336 -22.173244572282830 3.868686189961100 -26.126186426436750 -31.440999886251952 2.974852229391729 -12.807799590782061 2.962571695552716 -1.675427511519292 25.744832676604567 6.485351661661984 9.546439388153729 301.979335270348770 -1.290411417341456 -14.613215186474749 -27.532999699236271 37.660062522352497 -6.768407320876321 2.769885703413294 -47.388192281424523 17.731051024923502 2.107008224046528 -46.808341087910250 -2.021824378351919 -19.471698294854058 -4.212356727184655 21.369141406537167 2.407890377324904 -4.264052445014857 -15.547359296711326 -301.526136834217880 47.221201055131090 8.304309249295713 -53.874978583904870 2.180363642969539 -2.758252839664557 8.951708315779143 37.947102540280170 -6.377965580398083 4.618664348802225 30.671317940886620 -12.519911928268716 -23.344748385649481 16.865723213790922 34.290521592828533 -4.303291725512565 14.304999497140059 -2.518889432337133 -4.725889010667602 30.690396917597504 -0.452064559412896 4.016746146098095 -8.643091389768244 -3.043252246720144 17.524353721919006 24.556316367859317 -14.963635314285050 0.496063025154275 5.544243135667066 1.763361907885555 0.000000000000000 7.679191364204520 14.494078086570338 -1.117825843824775 -11.347508647397209 11.795386081187630 -5.711084438254458 -6.151758120968212 -6.811044681970544 -0.565401880741618 4.220528458624383 8.631962863552815 8.367295337713117 0.000000000000000 9.324982616197367 -0.681131862537526 19.672070176340057 -1.566024282005086 0.000000000000000 -1.119645730512726 0.537695505252657 -6.748661049313494 15.698938885661677 7.183591533676626 -34.583189611125285 25.616497237449103 6.214906753296118 3.568651730430801 -3.023927906433811 -3.274179159351768 -0.162795670560499 -3.924572895290352 11.083189666555725 -3.819344661678876 -34.404094929137770 -6.177354924910054 21.546553904481947 -2.997599781391501 -0.492659580945539 7.405241767630907 -5.814039503622036 -0.002941007345374 -17.131909030074027 -6.449358540772373 4.151388653078044 
-30.732338773160482 9.243095983805908 -43.244014896123737 4.945605861846104 -35.094129222742026 44.795356103089716 -17.721470360622195 -42.861931064457650 9.281548784775847 -9.350613179017838 -8.824457377671592 -14.487781921875822 1.309285384698132 -2.380540676948190 0.209628582965418 19.358324773543586 -1.290411417341456 286.287395326350120 -7.676206748496385 -3.418612983775972 -19.366405208536108 34.379279846047837 8.000369363661527 -50.777111717503175 57.384028455928444 6.679487227008800 18.691937755975061 9.484561734537898 -6.388884000792167 -6.116457860193449 10.611862521141866 7.514739069585406 -6.503567746158833 -31.195034730270912 1.196548722791121 -34.260211969141181 22.886481105683416 38.236405604230498 -32.466654705008388 -11.489381197943191 4.978843077703136 -5.106204880541622 -1.677853689745626 -31.188823758323871 -3.685541589698165 -2.197569291261078 19.728620931297247 39.588018961516106 -6.023804572826364 13.257471112391382 19.849321145739573 30.618391934600336 21.623381049122081 -1.241596872013592 -12.175000597673623 -33.489386498090077 -10.119780635463171 -31.889671396653675 -11.740390636978162 56.060854528761453 -17.250899475305726 0.665245661933101 4.755673894669700 -9.343339590341016 0.000000000000000 46.199983712458319 10.828575394195227 10.753701157399936 -6.775209357429395 -11.445052971939974 16.593065424033874 7.802431410502712 6.838291865159349 -14.076843935931795 -21.895570726786172 6.290697557516982 -5.402408496722366 0.000000000000000 -7.890204620894665 2.140364631804159 13.437219391386005 0.563056184979533 0.000000000000000 2.325602642813989 0.559240824047228 -11.977131277967331 0.575231232225526 4.059611194538153 -14.347309271639574 7.554182741381577 -14.899562964072613 25.267197453477170 -3.804169874883018 18.669898913411576 -4.318326598188063 3.921278269438298 -38.800625092302639 -0.284888785288363 10.217711474463284 3.448905690930446 -8.720737369199135 1.944788253430421 13.816269022137089 -12.685635961767149 18.815408336967227 -6.351430556100968 7.821528752206739 19.262873790930282 3.325669292223962 
13.355021890381295 5.136924999025510 7.695240458032015 -11.626510395592064 8.403430792154161 -19.460961910650646 -9.218215337112284 2.931003134763667 1.954851011691233 -16.141225322366026 -8.025392587634613 -5.649205755529721 -5.543174624862871 14.453698943820601 -272.704049132447040 -100.197108098933190 -14.613215186474749 -7.676206748496385 295.135329199059750 123.455393649129920 -5.566678830485301 -18.109937033177744 7.279373376766014 -28.239060937162240 -2.861456003798228 -3.923243683642255 17.832982524515060 -10.304362939913517 -11.631761680969770 -0.974410217718364 7.053787488140880 -1.903576053824311 -7.408279277092366 11.296878954779359 15.428739480544701 -8.390981136079789 -2.208709178398231 -18.182396913720993 0.013248567048203 -7.642892903137639 -6.389470925012510 11.503877782115620 -11.327057969420395 3.956776623155049 7.319322543265411 0.258328547808865 3.899612879527389 -6.756176117014565 -4.394295227049945 -7.762247477070972 -7.061322637415833 27.082952495335604 8.103098820362419 34.758935540416985 32.244402516227822 30.573717980047331 19.303261769517320 -4.882183656658421 15.508601922657192 -12.819133744007054 -23.963787935095986 9.362471467990517 -4.207783932509574 0.413733286360015 0.000000000000000 -3.009095148470291 -5.418322439582694 -16.504697444621200 18.512088298466281 16.359513196487498 0.113458207530648 17.174138632979243 0.298117505284733 -13.751720859269716 11.312881919515554 4.338046286819566 2.498930114054406 0.000000000000000 -23.595455007418472 -0.910051213156363 -17.235665131662863 -0.567044899582178 0.000000000000000 3.294829691714804 2.175696901448387 2.764198762666638 10.542146557535744 12.686379493548667 12.155464388850616 -27.020280700939804 -3.817617250599326 5.687551824165809 3.891503406815087 -2.541480457302175 -1.617230491373337 -8.280046012535751 3.916315719640210 -2.808417975468984 -34.941595235969473 1.467116775064506 2.446008868152244 12.376734173539438 7.395283379346090 3.780160805387528 -0.163442163413739 1.298059231693269 0.991380091530962 -1.200034272413594 0.946434971167097 
